$ANSIBLE_VAULT;1.1;AES256
31326564336266653961376238333261326139343038613831383564653737626535356530613336
3765303932303061323339306234643732386532663336640a373437663235663262613861356465
34393634613533633431626334316430663837636239303161633236383031643533613836356366
6539636239666339360a636631396533333366363264623137636338383335643832343730396434
33386532656565623835313033323033653333613665633937653731653433613433373065616538
64366336393063656636336334643762643531343235613936356362613535393831373461633337
35363531653832363565656662326361353465633864396336323636626332656638386533653663
30343566646435626163653963396364646461623933393439383738613638633932623536383336
65623663393234393134633763303433336133353563643637346530353966333066336134346434
61333232643232653965633337316230636331663862343334663231333139626131346339616366
65373665323861346566333030643530303735636534303832383839376238613864386533613861
65633963353432366365333039326135616632656632343833353230646266616237303739623433
33326435636238613264373835613338353161323166383336636165383432313330613439653265
66363133393239343865656265356237333264303130663066623034616666346231363033313630
61356335653531613430383236376361303736646436306139653834373266376337393936666636
66646161316234393063333135666562333431386236356330363564303766396161643639303237
32333536363832343639623734306335383439376463643736383833343665363665336236313234
35613735393739353532643635393766333436646230336230366462396632393431626638313431
36646135363061613762346637393632653363653230336162343730616531353637663339326632
63623461643437316134323463343863303561393239626131346139356266633031343733353835
66653730303333316232623563346535613535333437353639306565623834363431376238373061
65353838613338633166326266393533613537623661306266333432316331393338376336663062
30376261333639363239653738323562306430343930333866336338333739346264353135306562
63633234323830306532373836343161303166666639353634313532623536666462393736396263
3035
